Red Oak : 0.72178
Poplar : 0.49250
Pine : 0.39554